12745417
25372308
27214960
27705668
32810633
35548747
35555918
35951237
36223079
37046946
37532234
37683524
37772573
37823712
37901908
490034372
490120187
490266461
490364083
490364990
490368484
490429175
490434506
490446039
490474844
490503617
490507868
490530378
490534389
490571989
490600514
490605661
490610240
490623971
490638197
490643870
490646661
490655275
490658276
490664619
490664673
490669232
490670104
490678489
490693498
490704642
490709295
490710832
490712832
490723267
490732173
490746398
490750750
490754075
490754668
490755572
490757201
490759938
490760217
490762510
490764621
490771924
490773625
490782838
490790691
490793147
490793704
490795568
490798329
490805602
490811470
490818132
490825666
490829282
490829545
490837667
490839340
490843785
490847543
490848054
490849080
490849448
490852403
490858549
490861784
490863763
490867173
490869251
490871970
490874314
490889347
490890842
490892139
490892867
490894138
490901845
490902105
490905457
490908362
490909252
490909749
490909767
490910439
490912049
490913085
490913091
490913114
490914146
490915852
490918051
490918520
490919774
490919980
490921574
490922661
490922915
490923560
490923889
490924321
490925274
490928095
490928816
490929036
490929379
490929525
490933331
490934794
490936784
490937097
490940987
490945180
490946520
490947784
490948830
490953185
490954385
490954659
490957457
490957625
490958717
490959622
490960489
490965082
490966655
490966685
490968311
490968898
490973693
490975772
490977163
490980986
490982375
490990654
490994256
491011020
491012010
491012088
491013837
491013974
491014627
491018045
491025012
491029190
491033316
491034019
491038252
491044032
491049447
491049502
491051660
491052055
491056805
491058726
491058892
491060128
491060959
491061024
491062781
491064374
491066124
491066162
491072372
491090588
491095516
491102735
491104613
491120009
491137410
491140631
491147296
491151316
491155597
491157504
491161073
491161108
491161521
491165369
491166263
491168389
491169735
491171860
491173427
491174455
491176874
491180186
491186972
491187762
491188553
491191190
491192986
491193605
491195269
491203331
491203987
491205650
491211986
491212716
491213769
491220891
491221051
491224394
491225659
491225757
491229535
491231043
491239643
491239738
491241670
491247818
491252948
491257855
491290636
491293194
491317599
491319499
491323128
491329089
491332862
491338330